3887985722
3906255635
3901944728
3894580252
3906223441
3885808491
3887887086
3887702053
3888971246
3905212761
3884913421
3901694999
3899529777
3902740186
3904062221
3895521599
3905886044
3904964506
3902943796
3905205746
3905299753
3904938734
3904952118
3884440267
3905860739
3898179080
3903842155
3895548461
3904952017
3894210241
3905699098
3903845232
3884433263
3889493057
3901625829
3902842422
3904598842
3903877728
3884834351
3904381752
3895207300
3894542789
3905875928
3885811432
3901942655
3901949698
3903803466
3901166920
3902946361
3905299706
3905300586
3905338566
3903871986
3884855386
3900943238
3905886055
3904953432
3903462974
3904941759
3904098193
3891047150
3904388602
3902735701
3901389507
3895544364
3902829553
3902740940
3906224386
3903895179
3905342098
3886477250
3900080553
3901989486
3886458391
3903800870
3904947347
3894861605
3904951009
3905692227
3904988455
3902330315
3904388204
3885844863
3905693234
3885817186
3894983882
3894548432
3901375218
3887947315
3900084010
3905877514
3902786822
3900079681
3903879731
3900955816
3905303025
3904414205
3904417999
3904952290
3902784900
3891077558
3887881786
3904055589
3891272569
3905690800
3887497535
3886897217
3887710542
3905394725
3888963521
3904953614
3905304808
3905298559
3887869696
3902350440
3901377256
3887586905
3904511132
3902740661
3904418219
3905885197
3901990842
3905254732
3902787338
3905246654
3901983530
3904509950
3901988879
3905885501
3906228570
3884823184
3904414298
3885854922
3905884161
3895814532
3894286585
3895520937
3895546244
3904991152
3901670278
3884838225
3903811108
3904995897
3895523946
3901628438
3901950403
3894210138
3902805189
3902849064
3904066592
3887998140
3904991267
3904094581
3904415713
3886458392
3895210408
3886450354
3888943341
3900959274
3894878522
3895563414
3902941891
3902918604
3901359166
3901952001
3901944659
3903807556
3894539810
3884895833
3889418011
3891278431
3884823049
3889105045
3901944656
3902841913
3906249524
3891275513
3905299339
3901378387
3900946095
3901986087
3903803465
3905326814
3903463996
3887713726
3903830118
3904710272
3905299639
3904950326
3894882085
3901159251
3904729065
3884850836
3903887926
3905339538
3904425044
3901676629
3887881849
3889414965
3905877360
3895215098
3888938163
3904426905
3905341063
3904579456
3904951405
3904996263
3902332069
3905324992
3885812237
3887493949
3905310379
3904509933
3904717528
3894204625
3902754286
3904728440
3901379320
3901374215
3905256265
3905331356
3895551053
3895556805
3902735938
3905873834
3905653149
3904961031
3904717607
3904387989
3902860960
3888808580
3904701924
3884833401
3904507500
3898168138
3904381838
3905333822
3904941758
3901632646
3905292920
3884826908
3895808434
3905329178
3902844106
3905853503
3905206250
3895542706
3887712062
3904512264
3887577235
3901362020
3905247985
3903473540
3885806687
3902331066
3905829047
3902361689
3894849266
3904947375
3906224977
3903814225
3902732774
3905882072
3901389725
3902757351
3901393102
3894565170
3905330288
3903458753
3901670521
3894549561
3904720882
3891074304
3904065028
3900961401
3904969664
3900081440
3888943255
3901355478
3895529141
3906231014
3901345489
3904950528
3904360838
3904946918
3889108701
3887868921
3906254406
3887578043
3900984295
3901991739
3904982937
3904942815
3887834531
3902864886
3902758071
3903877538
3905303026
3901352850
3902370056
3905877513
3895816289
3904949053
3902840924
3902947098
3905368218
3906258414
3905325991
3904431300
3906227274
3905333073
3903427732
3903446546
3902842707
3905328454
3904949273
3895561407
3905333449
3891803982
3904952180
3895596136
3894549547
3887589439
3895215976
3904953190
3894966968
3901361726
3885856823
3894551665
3903475191
3888024635
3906233005
3903444937
3905874502
3904951318
3894654945
3886486393
3905371838
3894210240
3903870893
3904415734
3904511128
3906246968
3905313017
3904946432
3906094756
3894873890
3905886052
3906230299
3903845711
3905248248
3905881618
3905382527
3903800866
3900988134
3901643523
3903445874
3904947809
3901676239
3904949360
3894629364
3904945683
3903872565
3904388028
3888026206
3902323140
3903458532
3900965367
3904421679
3902929672
3903455841
3905335257
3894586029
3905391582
3888036174
3903442740
3904390370
3904395018
3902745810
3905301536
3904095681
3901991612
3884934115
3904598967
3895519883
3889285306
3884831624
3885828791
3906226210
3898178357
3904922248
3894567539
3887704948
3885810350
3894210251
3888938024
3905395331
3904952128
3902838670
3902756214
3905365406
3891803508
3903843453
3903876724
3901943676
3904946609
3901953487
3906224880
3902944512
3884923055
3901944647
3905309366
3902863828
3904411087
3901185119
3797449314
3902864226
3894281702
3903451943
3903446647
3905874827
3902862505
3902735213
3906250711
3894632306
3904942701
3904429516
3904406916
3901965328
3903808632
3903886987
3904949292
3904397840
3905881601
3904072234
3894554767
3905306062
3905295844
3891268971
3894882273
3902759063
3903831324
3904728183
3898172866
3894547586
3894406051
3904989360
3889291169
3905874905
3906252228
3889488824
3887934102
3905885070
3901982473
3904955787
3891254696
3905370141
3904949271
3887577245
3895520829
3902837786
3887869636
3901945225
3895546133
3888026320
3904365136
3904995842
3906265278
3904363505
3901940826
3884820141
3902342728
3905345640
3904986681
3900942719
3894628585
3902747883
3895545174
3903447153
3895544365
3902831409
3901697629
3903810892
3894628592
3905333100
3905394730
3900084006
3905211798
3901985313
3903472486
3904500313
3889702267
3901945418
3899535275
3905285769
3902848395
3900963398
3904949120
3903815154
3887574493
3903831558
3901980923
3891254699
3884829942
3884836210
3905333786
3905325920
3884437917
3889481364
3887578048
3903867257
3887575313
3900077934
3885806971
3901375215
3905294630
3904719398
3904929128
3890895943
3894543682
3904994973
3904382623
3903475177
3901345740
3901379205
3898164239
3894207324
3894950743
3906255522
3904714170
3905861593
3902759184
3905344153
3901349030
3901179226
3904725066
3891263991
3901936807
3904720633
3905857987
3904420347
3904365832
3903442992
3903843318
3891085569
3902941527
3902910362
3904367806
3891075285
3903188066
3905255326
3904428326
3891076521
3904060936
3901671720
3904431473
3894289301
3901950336
3905338299
3902835434
3884821376
3894542783
3903844587
3902346839
3905669668
3905329257
3904961514
3904949350
3891040458
3903444438
3900962431
3905370998
3906252408
3903832397
3904509678
3889106940
3906258197
3901960651
3905241224
3903889103
3902760706
3905277726
3905310513
3902344994
3901356749
3903467138
3886882867
3885806703
3901944172
3905296253
3889777695
3904399647
3906257971
3904951107
3904099310
3904965467
3885805701
3903877036
3901674691
3884853923
3903805308
3901948190
3902301629
3886880699
3904391531
3885811233
3906235346
3905666683
3906225648
3906252540
3904957773
3905884377
3905210640
3902842716
3903817896
3889292007
3901684667
3904561971
3901697459
3903820624
3901931960
3894281851
3905374077
3900953907
3904362449
3904960323
3904706905
3904936842
3904936812
3901926833
3901961069
3905233967
3901349301
3889738321
3904087682
3895522943
3902744824
3904365938
3898171971
3887890745
3887996346
3905855813
3887712965
3901957457
3884435469
3904941659
3904396080
3889745079
3898157998
3906245866
3903832207
3904380441
3886453362
3901664508
3902787558
3900940509
3902349967
3902845581
3904950682
3886826493
3887892620
3901390203
3886218058
3902349824
3895559165
3902872004
3884854386
3890893623
3902348387
3906093673
3884994024
3904575282
3894555902
3903446717
3903448174
3905207805
3900090137
3891008393
3902328365
3903433172
3901478018
3894559908
3885109602
3901954270
3902834420
3898171769
3904359858
3902868262
3906223395
3904996573
3901607912
3901691656
3902752575
3891278351
3901994956
3904965120
3903845884
3891073452
3901943817
3904938477
3903888827
3905235795
3901951202
3886847226
3904930964
3904052744
3884435101
3902340797
3903444596
3904717757
3905692808
3901390322
3901346486
3886827218
3901957626
3894878018
3905846621
3905833198
3903474686
3903454414
3902788384
3905647994
3904949251
3904095574
3904385624
3885809468
3902743446
3889750481
3902370392
3903800875
3901375830
3905348427
3904411674
3901678422
3894920792
3902751804
3901397248
3905213817
3902950761
3906093658
3901629306
3901372730
3905339070
3902357307
3898178076
3905327975
3885868153
3901632506
3905845235
3906226638
3902754911
3905256364
3904502944
3899524261
3906263199
3887709669
3904396592
3903897959
3885817899
3904955337
3902810849
3889743643
3906226174
3901346458
3905342070
3901667736
3906258106
3899528471
3905288395
3888980510
3902363146
3886460512
3903444979
3901953547
3886899860
3894617071
3903479211
3904362618
3899527810
3901350013
3902925182
3894298985
3905287553
3902923325
3895275313
3902784901
3898155781
3898173146
3906220992
3898161204
3898173868
3905362357
3905851514
3905303027
3905334106
3901697333
3884805078
3905289791
3894996757
3884924051
3905676847
3894289084
3905352491
3887702392
3902829688
3895219423
3905300200
3904569002
3901354868
3894891989
3895829478
3901389718
3904038388
3903480118
3902868261
3902831714
3903847327
3900089231
3901941068
3891079675
3905276650
3901952530
3906227837
3901379541
3904956273
3903817022
3885806698
3902361939
3904569842
3901697458
3906225651
3901389786
3902785272
3905362806
3889488823
3901374554
3905881919
3888499407
3901998406
3905204892
3905333185
3884855863
3887477134
3903845710
3906259194
3901166873
3901349132
3887716855
3904566830
3899543231
3902745095
3904357909
3895547804
3894547050
3901937427
3902757186
3901961722
3894885498
3889750645
3889751951
3891071118
3906253863
3904930207
3894977245
3901965276
3904964843
3885852888
3906238046
3905296870
3902879582
3902941547
3885817093
3884938374
3894872380
3901992885
3902360711
3903808138
3905331690
3891077174
3894995977
3902757317
3905338545
3902355638
3903434128
3905880954
3900963305
3898174655
3904567252
3898168520
3902843671
3903802428
3905610241
3902344465
3891069974
3891080724
3904946709
3904360870
3905257549
3903845015
3906230458
3904395501
3905887407
3901630063
3905886070
3904379681
3903815548
3904427817
3899538847
3884853922
3903878835
3905295744
3905296645
3887482156
3901940123
3904937025
3903472110
3900962347
3904956283
3900084011
3889757119
3903846610
3899531182
3902785271
3905661966
3905870718
3884932476
3902333082
3904995064
3902783521
3901350598
3904370199
3906237173
3900965129
3902782728
3891060286
3894548008
3904360785
3904997709
3889478941
3894954663
3903805303
3904500818
3906227744
3901944171
3889783243
3906249973
3905337362
3894561641
3898168668
3903820442
3905297612
3905233912
3890892699
3902340683
3902788108
3901939271
3906226568
3901979568
3904393453
3887488834
3902873013
3901946297
3886894534
3894580810
3905264033
3901351346
3903805310
3886824500
3902369493
3902756596
3884804043
3895211213
3906200215
3884844682
3901962508
3886450755
3899521955
3887490924
3901350212
3901689923
3904099577
3891071507
3903810302
3904366121
3905360656
3905221355
3901951140
3903461058
3898163166
3902369540
3902862858
3904383795
3905310266
3905875653
3888801056
3903475755
3904943389
3901698570
3894556895
3902352157
3901943450
3902867546
3902782374
3905843040
3884930446
3886826513
3901943010
3905874925
3901934628
3887927976
3905268184
3901466570
3894895291
3894634092
3905211340
3903456197
3887862021
3905291177
3903440893
3888001295
3884438451
3904391314
3886215674
3901686571
3894658582
3887499801
3889775948
3895514771
3904074141
3904996152
3904387379
3884833403
3904398943
3900964179
3904504823
3902754009
3904988660
3901689873
3905296630
3904414724
3905879033
3904730096
3886445607
3903451175
3903846861
3902344130
3894543916
3904086119
3894267879
3900954890
3900960452
3905837592
3891073276
3902760122
3902808373
3901987169
3885855733
3904094004
3887480437
3906249332
3887869736
3904383935
3905342998
3902862536
3904579492
3904987128
3902747751
3902845259
3890890558
3904381957
3900956033
3902739364
3903814051
3903816169
3905839954
3901977270
3901932022
3904361248
3902738986
3895518970
3905284675
3901635873
3902362545
3894999392
3900956078
3903476557
3905337415
3905820816
3902782732
3901497283
3905378061
3905830760
3894277549
3901356495
3901939698
3894631301
3902832388
3904950518
3904995837
3884497787
3906238173
3904984906
3904580691
3903494068
3895542670
3894213778
3886484678
3891276691
3894865865
3906251569
3898161254
3906257097
3895540613
3894295293
3887895007
3904942134
3894266858
3904361475
3887101785
3905863654
3901951068
3894291324
3901966538
3902739027
3904929359
3886828093
3905212439
3902345442
3901948573
3887844133
3901941925
3904921524
3899524365
3905827779
3902832504
3904586050
3894612614
3886893748
3887896103
3905242184
3906250974
3905333105
3903831098
3884440663
3906225851
3898170163
3902780924
3901937719
3905667958
3902917992
3902763358
3901614633
3906099041
3904402103
3885807496
3901981037
3905277710
3904722620
3894610176
3902917392
3901161902
3903851042
3902866869
3904581361
3905341028
3885810360
3891074952
3904726478
3901967324
3905601005
3905208753
3904714315
3905342028
3904408827
3901346946
3904503172
3902357255
3899530174
3902938491
3895536461
3901941831
3885107951
3894291123
3887578024
3886826440
3889772639
3885115156
3902832499
3905658410
3904728029
3900951589
3895563371
3904422506
3902738223
3901694512
3905209055
3887472904
3901691723
3906226636
3895282227
3901908139
3902359059
3904089067
3898171193
3888947441
3904723757
3905284869
3901378776
3906253900
3905307816
3904726769
3904368056
3905301323
3901933655
3904937734
3901950322
3889776693
3904929887
3889710375
3888822744
3891252113
3905244017
3898164930
3905828148
3905844163
3884802637
3904412038
3902743589
3900948764
3886823508
3901939462
3885808501
3903846153
3899530902
3906230817
3901389257
3904363177
3905832386
3905237933
3901697720
3905869890
3889716774
3888006605
3905371114
3905334494
3904954514
3903844672
3895826810
3902831517
3901934830
3887909168
3904415240
3898163622
3884440442
3901671571
3902947271
3905301049
3904990352
3901390617
3902354378
3905883644
3902838650
3903834826
3899528192
3901342623
3887598015
3886854491
3902829841
3904955366
3905348679
3905874705
3888961643
3885809457
3894886364
3904379839
3894568117
3902917066
3904073165
3899531103
3905292352
3901941097
3894627666
3906249532
3891282814
3905353397
3906227846
3905255416
3903455388
3899522550
3900960654
3905858580
3884857612
3898171748
3904362638
3902950765
3906259147
3902937997
3904994510
3905395317
3906223755
3903801040
3901348637
3898156631
3904506066
3895592648
3885107974
3884426975
3884429793
3902362868
3902326651
3889114267
3905214836
3904984914
3901388776
3904927913
3905216023
3891093330
3887700790
3889173190
3890891602
3904578562
3901981470
3901169404
3905368021
3895254244
3904983666
3895204748
3886881050
3905600851
3901936420
3891016122
3904099221
3902832523
3894611005
3904084762
3887703722
3887708351
3903450110
3889412897
3903426908
3905878056
3904725006
3901370627
3895805305
3894288435
3900966305
3904098088
3903456357
3904965830
3898160925
3887467642
3887869894
3901939429
3902915614
3884853925
3888023985
3905883183
3891076406
3894881808
3895567582
3903825579
3900981780
3887713580
3886820179
3884821423
3895546825
3901607925
3884434318
3885111450
3891063859
3904396205
3887101757
3901981081
3904990000
3906234542
3905336609
3889104208
3903471682
3904367089
3903444348
3904952507
3904413403
3905860618
3901372399
3887477764
3905848523
3887891037
3894894708
3903870462
3902943732
3902350564
3906250320
3904391185
3902919654
3905304879
3902865963
3885863722
3906071551
3901363869
3891014527
3899521983
3884436148
3887839233
3904927802
3889767506
3905871412
3905393803
3899523039
3905325344
3904381529
3905855841
3901352622
3894890905
3900977318
3902833347
3903827451
3903499339
3904703400
3887891686
3887713606
3898173411
3905243545
3903821017
3901378363
3887887373
3905290094
3898175587
3886897824
3906230080
3905856772
3886480953
3905605828
3899525757
3905862782
3901166717
3906254416
3899529268
3904508073
3903831721
3902828500
3904988939
3888823296
3887721080
3900078921
3904389050
3884918843
3902858882
3905312457
3885805682
3899525623
3903455349
3901638345
3894905126
3902761545
3895572589
3905881626
3904371196
3902867160
3903475441
3905874916
3901360108
3902734474
3902928121
3885816017
3901806168
3904506050
3904720968
3904359969
3900952048
3905301624
3901948005
3904384531
3905827667
3904954749
3903870998
3902760355
3887103333
3885859670
3904720337
3906071697
3905879958
3903472029
3894216330
3903427882
3905331672
3901340843
3901684810
3891001081
3905336665
3901354417
3905212198
3905312012
3887885428
3888455386
3887876187
3903807727
3901985256
3901948121
3886899265
3901683632
3902848078
3904052742
3886891770
3902863597
3888476608
3902845590
3904371121
3905327885
3890894358
3906227226
3906252522
3894286618
3901677044
3888959259
3901936931
3904951306
3904408885
3899530860
3904983911
3900077772
3886878654
3903478606
3904365365
3905683632
3906226678
3904933184
3884831614
3905372691
3902356266
3884925055
3887837646
3886872406
3894205627
3888483471
3901698974
3894542986
3886824626
3904925749
3906263103
3901939253
3891273271
3901378487
3889767560
3887919203
3899544320
3903494557
3891072639
3901941522
3888015014
3901944439
3888944876
3904385487
3886892712
3901349539
3887701756
3905860187
3906253130
3904365187
3905864536
3895813045
3889718748
3904432275
3902756402
3889124865
3899529867
3889747197
3900967019
3905849393
3891008324
3901693942
3903462124
3894562674
3902930803
3902832574
3903482860
3901941262
3901953415
3894864875
3904084737
3901936393
3901354797
3901980542
3898163515
3894883162
3905858707
3900077698
3902350740
3885858695
3906224960
3904054115
3887872248
3899534432
3902780923
3901957442
3888480663
3906245873
3890893546
3887917552
3884854235
3906223683
3901662400
3903892105
3904922588
3902371576
3887102462
3905660585
3904367275
3901938360
3905883554
3894546433
3905212005
3904384421
3901954997
3900960694
3906221955
3904365801
3905876253
3902937388
3902353747
3904958125
3886881338
3899527859
3904387703
3905372163
3905299655
3905300826
3901341741
3905872787
3905300690
3904361478
3887918309
3906069803
3898157607
3905827771
3904094788
3900942908
3902819512
3905299509
3904359960
3901982833
3905285742
3901361051
3904364208
3903814376
3901693815
3902862908
3904054114
3890894244
3901178205
3903805306
3901958379
3904395297
3902342265
3904391530
3905213020
3884835220
3900959923
3900964417
3904724594
3905881709
3905329676
3884802259
3905295471
3902804649
3899526406
3904377786
3886882363
3905251190
3891093366
3894541978
3901346716
3901378179
3895546037
3885855617
3905249800
3905333957
3901343672
3884855512
3904996654
3903474837
3901175439
3904369303
3904924549
3886443828
3904397839
3904951358
3894554763
3899541023
3894895210
3905872996
3906267126
3903816638
3891079273
3898164101
3901352482
3884818241
3890893361
3902350437
3901354416
3905844507
3905370994
3901938680
3899545250
3901389236
3903447323
3886846175
3905886020
3900070405
3904968230
3894900550
3904722281
3905877500
3905654103
3902934972
3904420774
3898165722
3904579046
3904361764
3902865775
3900961626
3903456502
3890890813
3905874914
3885823703
3905886089
3894879444
3891068822
3902834444
3905211929
3889419583
3887712910
3899529464
3901996841
3901942650
3901179674
3901980462
3899525628
3906254380
3905206628
3894918860
3891274515
3894585193
3902864551
3894613123
3901351266
3904420662
3901920835
3902302123
3905871979
3904402404
3901993008
3887857245
3902862265
3901176754
3903477562
3906225292
3898166081
3901911654
3901902526
3889757540
3904386952
3887719268
3901390568
3887890771
3901943178
3894289606
3902758767
3884436684
3906079134
3901354159
3906247726
3903495585
3905308636
3906234268
3905313233
3889415852
3884992276
3906074575
3903848370
3895209252
3904934132
3903844250
3894208858
3904404326
3899524187
3889770508
3895546835
3885829297
3890896058
3891266691
3895225321
3898162883
3886485329
3889770575
3905204887
3904993926
3884436889
3894889134
3903826150
3894922201
3894894643
3905234128
3888034232
3900949012
3902739361
3902745313
3902756366
3884992267
3895202208
3903470978
3899528073
3905300940
3906236303
3898170562
3894546424
3902955568
3903448814
3901372015
3906223267
3905805318
3891009627
3902751813
3891072143
3901941718
3903475880
3906226332
3904059847
3906234356
3902921166
3905369191
3905243425
3902848599
3894984328
3902359139
3898171405
3894285832
3905386938
3906223439
3904386629
3902358886
3887889298
3894541964
3905209070
3894560012
3900080215
3901354645
3891075232
3901375642
3901687463
3885113115
3904505192
3905243932
3905884349
3903892170
3901977344
3901986088
3904424183
3901960706
3905852655
3894992656
3886883057
3904710956
3887478436
3888033726
3904398002
3904985865
3894903014
3899527239
3905254829
3904090085
3905288876
3899541392
3888495691
3888940734
3905368176
3902927859
3884433381
3894550536
3901989859
3894290008
3906228304
3894557984
3901944374
3888005889
3894544709
3905300748
3901642772
3905633521
3903186430
3902947340
3906235727
3885805695
3906251990
3901943822
3894545524
3900941804
3886826307
3902939942
3902343171
3894999441
3904383777
3902348200
3894281342
3905869109
3905874940
3884450108
3905843024
3902356853
3905208625
3899519389
3901361102
3902354864
3904385472
3905249491
3904575786
3902835359
3902782725
3898161835
3899516744
3905375260
3903483291
3887470918
3901359387
3899538732
3903485834
3889280914
3903434434
3901978617
3902758708
3899529044
3887478013
3889745432
3902365034
3904936737
3889762317
3904965626
3905828147
3888972238
3900958562
3886895657
3884856504
3900954831
3902929063
3888411793
3905828629
3904098537
3887490752
3902753055
3902879465
3885854976
3904390836
3901692101
3901956887
3905309701
3901352383
3894628578
3901644109
3902752877
3905884344
3901649149
3905863649
3905366478
3900947017
3901977680
3905310334
3902871035
3884993220
3902350304
3904509114
3889417016
3902839674
3901389819
3904942731
3906258335
3885805697
3904386398
3904361763
3902764191
3901967319
3899542690
3902792195
3904974374
3901940054
3903441763
3904396848
3894287443
3902923611
3891074946
3905658744
3906233749
3902752669
3903852011
3903450115
3901903253
3900966085
3887488565
3887899013
3904089068
3886824730
3903489319
3901348814
3900960421
3888013170
3899521803
3901994090
3902749461
3905289164
3902340447
3901998039
3894965689
3903889121
3905339074
3901939859
3903428466
3901653635
3904989598
3887101881
3905302658
3901355181
3904586107
3884856465
3901688398
3884437640
3900077466
3901351167
3895223640
3902759058
3904579498
3906231377
3889751684
3903430788
3905235777
3894244534
3904362524
3905870567
3900966238
3904381914
3902924820
3900966098
3900963136
3894270126
3895219131
3901628477
3903453896
3901345579
3901977714
3905693735
3904074852
3902869212
3905853939
3903469622
3904943143
3901350246
3905872354
3905261280
3903805319
3904955521
3895491600
3904926837
3904500284
3903820674
3901169827
3901376637
3898159590
3903848465
3902962036
3894548010
3901982066
3895546093
3905248927
3906248579
3899542407
3902358747
3905850633
3904575804
3894292853
3902838978
3901352483
3898159538
3904724960
3887109008
3904396085
3889460744
3903878012
3904949351
3903832065
3902352902
3899524544
3904090379
3904570572
3905323921
3902753972
3902835115
3903811050
3894401363
3904380770
3895255028
3905303010
3901651266
3893511187
3902828498
3905877552
3889771351
3904099685
3888007837
3903457596
3894897642
3895222197
3906231029
3895488606
3906224793
3894557357
3905365480
3902842433
3904389100
3900080334
3887879864
3885805691
3884805232
3902360171
3905875919
3895550201
3895520855
3894285745
3901378367
3901803271
3905394682
3902931686
3905215005
3906078751
3902348874
3905607702
3888937922
3894283781
3901947235
3900967072
3884816373
3895216950
3906231013
3901967220
3900963377
3886819085
3894565616
3900944050
3895200189
3905287272
3901936575
3901696183
3902340894
3895493254
3901964395
3905297677
3905885160
3902367784
3905602597
3887905273
3903470934
3903445386
3902842995
3903837736
3901993589
3898173152
3904004213
3899530316
3902756405
3904096451
3886892330
3884435808
3887714495
3901937564
3885810351
3901671686
3894925211
3900098024
3902870040
3898168561
3902759002
3904389456
3889410613
3904066570
3905235940
3894610280
3906253173
3895229655
3904994359
3887892592
3904581374
3903453127
3901641562
3894965635
3906089955
3903452916
3904953568
3904403077
3903849458
3904362688
3903805124
3904989698
3905227973
3904928686
3902349505
3905825515
3904512352
3898163066
3903824576
3901945678
3885822403
3884853913
3904576727
3901350880
3894545504
3904954091
3906253134
3901344832
3884435854
3894286621
3903448251
3902354503
3884439807
3905372497
3901470501
3901694555
3904392281
3887102526
3895569928
3886882472
3904092347
3904364380
3904920843
3905207332
3906227614
3904712012
3901357055
3887876185
3889493149
3903447159
3898160743
3891044069
3898161933
3904414336
3895803500
3899536167
3901935942
3904582079
3904415982
3902370542
3894556240
3902783519
3894559519
3895203439
3905826261
3902348424
3901394560
3901958479
3898171727
3903442777
3905307179
3902343851
3901670646
3904724970
3900951436
3886826508
3901349600
3904958120
3894925100
3902864591
3903445332
3902751961
3901629465
3900961270
3895542856
3903497531
3906262009
3904382873
3901360310
3900963388
3901943525
3899522789
3905375100
3903423985
3903431139
3904992269
3890895337
3886884056
3895551425
3902867193
3902748529
3901695289
3901372275
3884428991
3902739435
3901955461
3895276816
3905287915
3905369190
3903845044
3904730188
3898157558
3905305843
3904575797
3905297867
3902366674
3886826295
3903455620
3894996778
3898174254
3903456425
3887705985
3900070771
3885815926
3901354689
3905603987
3887911260
3887880255
3904368027
3902877555
3891070562
3902733754
3894565071
3895532596
3888962756
3890894462
3889116207
3894561715
3903801895
3901697095
3902786201
3902861406
3904086694
3894585043
3884856492
3895535489
3904512262
3884444638
3904393548
3902835571
3902355244
3905308647
3902757348
3898165112
3894891672
3904711772
3888939625
3905282126
3886896222
3902752748
3903848583
3904362210
3891077621
3905233820
3884435336
3898155804
3894617896
3895205588
3906071543
3895547790
3903483384
3885858365
3903807158
3901993773
3904953640
3905335040
3899523363
3900956151
3904386707
3901939872
3904500342
3905311477
3906221594
3905693831
3903471666
3904950832
3903430167
3905885073
3905256219
3900957591
3901374467
3902807136
3902880673
3891073164
3901976730
3901372758
3905258273
3902935991
3901984608
3903825970
3899543167
3887709369
3905870863
3901351029
3901348444
3900981079
3905830762
3901372830
3900965002
3890896077
3905872835
3905297880
3891257307
3902831598
3904934072
3888807803
3891091567
3902346002
3884860120
3902879403
3889772048
3901949134
3904388276
3902349746
3902819066
3902790147
3891062220
3889721672
3899537922
3901946875
3900074234
3899523856
3891011139
3905694862
3895217691
3884431726
3903836701
3903829074
3884923225
3901386874
3904918930
3901340604
3902940326
3886886741
3902830571
3886810765
3905244936
3894895420
3902357063
3905662182
3894285742
3904943023
3903453768
3885825905
3903800874
3889221799
3904941154
3903820667
3894292375
3903443845
3905848902
3905227114
3891013908
3906095566
3895524533
3895518251
3901388559
3902939031
3906249659
3901162220
3898167932
3904994064
3890895278
3905373572
3905295947
3901988122
3902734912
3900940901
3901627750
3904086121
3905827892
3905329491
3905254160
3901942445
3891257314
3885806686
3904429144
3902845297
3886468635
3901376156
3891074969
3904996570
3904502437
3895222147
3904383775
3889247174
3894290552
3886449904
3887716629
3902939013
3906247801
3903816231
3905344229
3891079345
3889420752
3894876574
3902366178
3902864630
3886883337
3906259167
3895238682
3902754935
3885339663
3905842814
3886210608
3901676489
3904392375
3902352578
3905658808
3903450152
3899527490
3905312000
3904363394
3904991219
3905887814
3906258527
3895488841
3906230255
3903806241
3903845219
3904358864
3891074608
3885861151
3888933902
3901939977
3903802645
3903432391
3901955561
3906227596
3905353031
3884437568
3903877732
3905271078
3900076326
3901949130
3894273078
3904097480
3894884889
3905304009
3904386835
3900964073
3902845283
3904390732
3901349254
3886897827
3902735652
3905344002
3905340858
3884938614
3904964589
3903424992
3894543933
3902360145
3902867514
3902748510
3903806967
3902750253
3884923053
3901637392
3902340728
3904509643
3901950257
3886812164
3905281282
3901950460
3900942444
3884921213
3906223944
3906097323
3894539991
3891081055
3904049939
3889104216
3890889843
3901346511
3901498101
3885805688
3905372891
3891077108
3902830415
3898177716
3891274723
3888034559
3894907124
3901371319
3890889892
3902343795
3901800025
3890891711
3901950323
3904359808
3888979689
3906091847
3904392032
3904387929
3902785266
3894297335
3905873944
3904944087
3902748935
3889492255
3901943781
3901372892
3885829189
3905822557
3901376749
3901976421
3905244970
3891077029
3906255049
3887718042
3904951712
3895538874
3904965819
3904508082
3894957331
3904367010
3887714781
3889715240
3905651760
3905866740
3895271816
3905289305
3906073521
3902348855
3884853428
3905865983
3894291104
3903808496
3884992282
3904955360
3905216662
3903873431
3904942761
3901960078
3891066995
3902807430
3901941388
3902953620
3894236836
3905294677
3906259405
3902831417
3904942258
3900960643
3905284594
3903478832
3891080244
3884860122
3900072073
3894607634
3905240492
3884935963
3904955581
3905377058
3887706721
3898155767
3886202429
3899512960
3904059841
3905837133
3885107883
3902737344
3887904798
3905391876
3904358794
3904729508
3888033517
3899539534
3900967065
3906236365
3885809473
3904929537
3884858339
3899526253
3898162099
3900086802
3894286624
3894204803
3888943510
3904970556
3905873833
3898171523
3894591167
3901352832
3904969094
3886895756
3884823134
3890890795
3901389763
3898156773
3901369576
3902847453
3904950906
3903882010
3906255609
3904728634
3891252366
3888812131
3903844114
3884819737
3902873560
3885845144
3888940075
3904723964
3889411576
3904051777
3905291034
3886824606
3902349818
3889282217
3901982067
3884821457
3905826251
3905394382
3901470933
3903814053
3900081276
3902353496
3905367212
3899515739
3898159929
3902343893
3895251457
3901345457
3903850198
3904962127
3905654821
3902756331
3902785168
3902760356
3905297767
3901664312
3905351194
3888031746
3904364313
3898167298
3888031588
3903443587
3894210123
3901963440
3885856881
3904390069
3904096605
3904575806
3901387816
3901943586
3887713771
3902367527
3887869515
3901940951
3904071303
3903473119
3904069837
3904725032
3904393232
3903461143
3902862853
3904390591
3900959279
3891074577
3901388262
3903842339
3887878862
3898162091
3902948207
3902910917
3902828541
3905873939
3904070314
3895527404
3904362403
3905846001
3891264662
3902346949
3903801882
3888003831
3899530235
3905301621
3889440979
3904073169
3902343355
3899527330
3889772682
3905291873
3894946919
3905300638
3905825043
3906095869
3887837648
3900946027
3901393268
3895819390
3906251573
3887891699
3902915504
3902951287
3887571722
3902367496
3906233528
3898174257
3901958582
3902863976
3901982474
3902738265
3903821520
3901990607
3902864929
3903812209
3903825744
3899525899
3904579194
3904092967
3887868680
3887716431
3905866202
3904358856
3905302526
3891265964
3901951162
3895524702
3904976744
3895269969
3902917330
3906078059
3887888860
3904362390
3904068839
3905211266
3904089058
3905239350
3901638229
3904409680
3902917196
3889707044
3903813732
3905290289
3902933408
3902938742
3900069654
3905374590
3902321485
3905233250
3885109989
3899537450
3905300178
3901354933
3901484746
3900962418
3900958550
3904966260
3901393679
3886482903
3902312935
3884845441
3898159403
3901942127
3895487876
3904360730
3895200320
3904364341
3905858219
3894569274
3901938392
3894883123
3902827016
3902333178
3904954301
3904956042
3904577395
3905328746
3884439251
3901394475
3898175716
3906226148
3901946589
3886204571
3904384786
3899534098
3905236672
3904084214
3901347337
3901352839
3902349864
3901966406
3901942301
3884436145
3901940535
3887719352
3898176391
3901373894
3900963299
3901378623
3884920322
3902308421
3902342480
3902367454
3885813688
3901940097
3902742059
3884435060
3901929366
3905326358
3901999871
3904719972
3901955961
3901937571
3885844768
3904409701
3903848625
3902830737
3902873515
3905369719
3901937429
3904952412
3888951200
3891087814
3903433514
3898162715
3901356266
3901390476
3902356378
3898160033
3903475920
3903445185
3900962719
3902753451
3891070493
3902355879
3900951624
3884437909
3886898552
3903430217
3901390591
3894295472
3900941785
3902348403
3902829888
3898178902
3887114364
3902356684
3884438638
3891020070
3905849923
3899524166
3888028934
3902810219
3884435301
3891069834
3905296502
3884434253
3888402077
3899535382
3894627623
3905850241
3901943502
3902356931
3901931738
3901986081
3901392434
3899523475
3902802384
3895505632
3903451156
3887476271
3905335078
3900075962
3901373769
3901391056
3902360825
3901392127
3898161909
3901374221
3901946803
3898169674
3900960289
3903827029
3891089906
3902806895
3904927526
3884442045
3904405798
3899525721
3898165416
3902925977
3890895240
3902744739
3902342698
3904962283
3903824647
3904515085
3895563959
3901947133
3895273628
3904504578
3891071831
3902833613
3901389289
3901935934
3900940754
3905337329
3905363817
3901374336
3898155923
3885113214
3901937361
3901350569
3901682441
3886481756
3902858470
3905240511
3894899216
3884917574
3901941821
3905843950
3901389662
3902873352
3887498630
3901933927
3886877643
3891075905
3904970104
3890891612
3901945109
3885112106
3863028624
3902809268
3900073114
3884848075
3891073339
3902785207
3901347651
3901937219
3885854777
3906220910
3902756819
3898171204
3901648108
3901942691
3898159184
3891074414
3901389371
3898159966
3900959784
3901355778
3886893638
3905293253
3894844108
3901355612
3835965860
3903487386
3901903057
3902349712
3905236660
3888034499
3903474074
3901937398
3906099098
3743875708
3890892687
3891075669
3901937792
3902355686
3902352385
3902740072
3901965364
3884436740
3900959650
3887495763
3903838897
3895504892
3899540089
3898157518
3901943424
3902942486
3904387660
3905336401
3902919755
3902358802
3901392444
3901388480
3902348639
3902925261
3902363160
3901378561
3904950425
3900946132
3898165988
3894884955
3901374617
3901941565
3902737305
3905331320
3901948286
3888498450
3904956052
3901687955
3901940078
3905846666
3901956293
3900960573
3905393229
3899538892
3902837747
3884825974
3890894365
3905286320
3902783467
3885847458
3904421581
3901387903
3901349107
3902832502
3902747500
3891019418
3857541512
3901963037
3895538618
3903803311
3903447612
3884431437
3891074917
3894877480
3903853827
3884431792
3895528144
3904726091
3901377556
3889125185
3901949077
3905256250
3905304536
3902831539
3901940220
3903878534
3903844065
3891018156
3902356904
3903496651
3889705777
3902358454
3904705668
3891077251
3901939570
3901979265
3885104395
3901354794
3813645405
3902751843
3902368563
3905338344
3901389312
3904954276
3876429995
3833295504
3884439566
3899528339
3900954417
3905368110
3900959564
3887719294
3904944737
3889480443
3900963473
3902322819
3901373838
3886213828
3902331323
3891826670
3899542452
2147609785
3901391509
3894298512
3902349284
3902735397
3888480888
3902865888
3895272599
3899531598
3902355088
3903432075
3900956374
3884857557
3894900191
3904712316
3903843077
3904569830
3901387941
3901342708
3895270862
3899536256
3899534256
3902758452
3885113071
3901966015
3901395328
3904959962
3891081075
3898171613
3899525651
3884806800
3906231245
3902349232
3902301273
3902737306
3906226649
3891059046
3899529466
3901369968
3902869157
3902353845
3884431632
3898158341
3901394004
3899533605
3904382901
3901933949
3886840458
3891076358
3891068900
3902734748
3857386463
3863610227
3904095258
3903808878
3901941167
3895813124
3901391262
3902315533
3905390400
3905334078
3901389207
3901943671
3903875950
3887885780
3901945148
3900979764
3905284662
3901353001
3889760416
3904575620
3901399555
3886894136
3884438611
3906085025
3901941733
3901380012
3890861573
3901957829
3901939314
3898160388
3905392378
3904967740
3902355286
3898164243
3901930774
3902879719
3902353547
3901389262
3902833392
3903819913
3902844400
3902363633
3895813647
3902367787
3884942462
3902736879
3901906023
3901977845
3899524571
3903844060
3904422512
3905390556
3894286430
3902833506
3901388327
3900964322
3904717397
3904568250
3901351244
3889110014
3904725790
3901391567
3905331321
3904575177
3904955466
3901379402
3902869112
3889767931
3902836778
3898160959
3902839809
3902876641
3905851742
3904955087
3904392638
3889012828
3899525657
3901349793
3895270861
3900988113
3903462139
3906236480
3899524511
3889453321
3905881651
3902751769
3894207804
3891072754
3899526474
3904727666
3904424006
3895527350
3902806995
3898162739
3902755795
3895268988
3898173603
3904950417
3884431567
3889756865
3904367120
3902835422
3903482591
3901938307
3904387663
3889451782
3901981051
3905854340
3901387863
3885107986
3888031735
3905370041
3905246828
3902361797
3904954296
3894553092
3905869822
3902354410
3884996001
3901353972
3904727636
3905852932
3902836790
3891073360
3886453101
3904410831
3898159634
3902731959
3891015192
3889731701
3904952411
3904561977
3905331415
3902357170
3904705655
3901940064
3898162321
3899528159
3901939839
3903851092
3901395237
3885829860
3905287421
3899540583
3901938622
3901940032
3895550226
3903455192
3904359968
3902355356
3901943667
3901379461
3902765077
3885843174
3898166681
3900957993
3901350733
3906258592
3900957959
3904948762
3884432578
3902834075
3887895158
3794986432
2234533717
3885113291
3902358974
3902349759
3904367799
3902354278
3901389241
3904955071
3900065428
3901341760
3900955416
3905859238
3902812117
3901394507
3902358033
3901938566
3899523703
3905289217
3903875936
3902355906
3903840737
3900978847
3906255213
3904417647
3901940109
3902862582
3885105233
3901374752
3904364394
3905687448
3901940930
3905688474
3904716772
3901394183
3904955115
3901344637
3890893447
3905600210
3891071517
3901347699
3885111352
3898170756
3901939552
3905337458
3885834221
3902767861
3904990653
3901942334
3894903368
3889103440
3904951419
3906257195
3902350525
3905818506
3886880291
3901937492
3902758930
3900960572
3891069818
3902363472
3901939539
3894968253
3902862970
3902360822
3848960304
3900959664
3901374594
3901994718
3884448485
3901377494
3887716890
3899532634
3906251179
3904075541
3901605898
3900962316
3902311925
3902834500
3902909928
3903441991
3902305200
3901673277
3904948748
3901391580
3904963330
3894958297
3901391195
3901358031
3885828920
3887433387
3905207405
3901943343
3887936084
3902365102
3899525278
3904393193
3891014303
3904730148
3904728448
3902372004
3904954307
3888408042
3891270633
3902343843
3902758084
3902860705
3902363604
3901940165
3251984218
3898157763
3889756753
3888035014
3899525265
3906240634
3901952488
3904948754
3903473560
3901977852
3901689202
3901379325
3904085734
3904723053
3904951426
3891074996
3884827516
3903821905
3900965266
3901344575
3891077145
3902837341
3902833714
3898159293
3898156518
3899532439
3900981512
3899522237
3905368113
3904423470
3895804419
3901939205
3904970701
3901935978
3901945059
3898161823
3901998525
3888475408
3904948947
3902762457
3898158999
3904953346
3884436679
3903426614
3889482028
3894903399
3903468939
3901395258
3898161865
3901937752
3905210376
3905305317
3902756825
3889109646
3901349797
3901374647
3895523928
3904972179
3904360804
3904945029
3886458575
3901390081
3898162947
3904984370
3904949761
3901963476
3890897726
3899534505
3902361249
3905329505
3902352916
3888438098
3901937531
3901938585
3899525652
3905335946
3900940761
3901696461
3901962235
3901940558
3900074564
3899532645
3901353904
3906261067
3901982568
3902760384
3902844078
3902779773
3884930578
3901345885
3905387988
3894996709
3902353846
3903891231
3905830410
3904950108
3885108780
3900065643
3905639422
3900081201
3898170040
3901340836
3888032609
3905367947
3904965997
3885844769
3902369413
3893246261
3887700528
3902736565
3891013812
3905294793
3903829886
3901940844
3904057781
3904950455
3902757513
3891273127
3901373790
3900081202
3904936541
3884989874
3904703657
3904954475
3904565512
3901348764
3898165381
3904934675
3889759398
3901390487
3900940733
3904951721
3905684875
3898162921
3888816675
3901941842
3902350375
3885105519
3889445735
3901938687
3905283695
3904087117
3905377323
3901342772
3894886941
3900964334
3902350447
3905290224
3901936710
3902338568
3901936820
3887100114
3901393091
3902352521
3902368736
3901342665
3904987909
3902749677
3901375444
3891267783
3904956057
3902831458
3894547422
3895214821
3903843334
3902883013
3888964599
3903828001
3901377247
3901377685
3902355651
3891248915
3903486239
3889757666
3904948796
3886150898
3905336721
3901962536
3906259598
3895557915
3901358071
3901939667
3894898174
3886840074
3902834478
3902350709
3901353829
3901936745
3901950783
3901943820
3904702598
3901389270
3902732746
3905205290
3900066695
3901963077
3893261358
3903822479
3900977299
3887894845
3886480944
3904362141
3905249444
3898163588
3901937453
3904725232
3884439199
3901347547
3901394646
3902361760
3884943082
3900975744
3899528225
3904950806
3901944618
3904988864
3904952392
3902364451
3894290060
3891073995
3889119574
3901961133
3904983598
3904952375
3902883193
3904986530
3904936537
3901937718
3901961622
3895587299
3905840942
3899527142
3890896137
3901377487
3901959349
3905378322
3899519694
3894871488
3894286412
3888030803
3903878662
3901984117
3895506650
3898170148
3899538435
3902351604
3901393128
3902320788
3894604357
3904419845
3901945605
3905856947
3903814106
3891061437
3899526122
3898158569
3901963396
3899511988
3901946658
3901378777
3903445676
3898175788
3903478923
3901388673
3902916870
3904722200
3901952656
3884435086
3901375679
3902341734
3905241799
3904952655
3887107164
3898176081
3903849447
3901391072
3884831136
3904424007
3900965005
3904972289
3902353305
3903471056
3903865758
3895537621
3904065774
3902844878
3901393644
3901347862
3887103286
3889729945
3901941571
3901354992
3894271740
3903880533
3906257390
3901358547
3901395298
3894929673
3887894779
3901395598
3900081587
3901348863
3885109960
3902359725
3887880353
3894208912
3904996814
3899528364
3898162800
3901391187
3904987212
3902827285
3902742171
3890896274
3904412929
3902317975
3891007287
3894401391
3902366146
3904414229
3902868021
3901379173
3884442156
3901355651
3901943465
3888994426
3898165332
3901940838
3904966295
3901361348
3902363585
3901939089
3800989742
3901998514
3904965895
3884995023
3901393469
3904935290
3898160250
3904363135
3901937829
3901959839
3903880527
3901980537
3902772255
3904948772
3899513948
3899522601
3902321913
3906097554
3900978298
3906256303
3891076847
3902835036
3899541364
3901372723
3900963013
3901375507
3885353516
3904929423
3889722886
3905313958
3903823788
3905207655
3902355279
3902371596
3894879350
3885100721
3904990690
3900083252
3902358228
3888996307
3894288278
3884436248
3898174111
3901965359
3905284674
3902817026
3902353737
3900940824
3902354541
3905331392
3901989453
3881984061
3898162076
3899536321
3891019134
3903483498
3904392524
3901373702
3906224755
3904089066
3901371446
3887885799
3901389292
3902793986
3902300273
3901357157
3901937696
3902305297
3895275234
3901940475
3886482728
3901677082
3886483030
3902735669
3586167732
3904381841
3884428490
3903499269
3902352279
3901354737
3901940304
3899525267
3905203474
3899523386
3901666698
3903456365
3899526564
3902846520
3906096164
3904980312
3905334641
3885102567
3906247761
3901696437
3902305025
3900961148
3901373639
3901942449
3884914700
3905205755
3901903592
3902814340
3902355809
3904942861
3902833345
3901356144
3900965162
3902755619
3902830434
3902784883
3901360076
3906249622
3899541497
3905205559
3887572653
3903472193
3902363405
3898158682
3901388921
3901631756
3884429660
3901388591
3904955116
3902806256
3901354694
3899529441
3888036142
3901394628
3902352472
3902357961
3903485166
3891082022
3901943815
3900958498
3901937716
3901958670
3890892684
3895547685
3784120102
3898169067
3902371315
3900956639
3906099030
3884433559
3902752705
3904952403
3903833621
3905392660
3891069613
175485704
3901941404
3902914840
3901944273
3904950437
3901353219
3905847573
3901938745
3898177352
3900962437
3889490260
3900977426
3900961375
3901941901
3902370345
3902355145
3891082377
3904389563
3902800437
3899532297
3901936813
3900976553
3904391473
3901670043
3905293730
3901940932
3901936711
3889720403
3904947918
3891074321
